11.6218   14.1727
17.9428   10.4965
13.1122   19.0272
15.2853   19.4479
11.6565   14.9086
16.0198   14.8925
12.6297   13.3772
16.5408   19.0005
16.8921   13.6925
17.4815   11.1120
14.5054   17.8025
10.8382   13.8974
12.2898   12.4169
19.1334   14.0391
11.5238   10.9645
18.2582   11.3197
15.3834   19.4205
19.9613   19.5613
10.7818   15.7521
14.4268   10.5978
11.0665   12.3478
19.6190   13.5316
10.0463   18.2119
17.7491   10.1540
18.1730   10.4302
18.6869   11.6899
10.8444   16.4912
13.9978   17.3172
12.5987   16.4775
18.0007   14.5092
14.3141   15.4701
19.1065   12.9632
11.8185   17.4469
12.6380   11.8896
11.4554   16.8678
11.3607   11.8351
18.6929   13.6848
15.7970   16.2562
15.4986   17.8023
11.4495   10.8113
18.5303   19.2939
16.2206   17.7571
13.5095   14.8679
15.1325   14.3586
14.0181   14.4678
10.7597   13.0635
12.3992   15.0851
11.2332   15.1077
11.8391   18.1763
12.3995   17.9483
-2.0000   -1.0000
3.0000   4.0000